Metodo de Euler
y( 0.0 ) = 0.0
h = 0.1
1 0.100000000000000
2 0.230000000000000
3 0.402000000000000
4 0.632800000000000
5 0.945920000000000
6 1.37428800000000
7 1.96400320000000
8 2.77960448000000
9 3.91144627200000
10 5.48602478080000
11 7.68043469312000
12 10.7426085703680
13 15.0196519985152
14 20.9975127979213
15 29.3565179170898
16 41.0491250839257
17 57.4087751174960
18 80.3022851644944
19 112.343199230292
20 157.190478922409

Metodo de Euler Inverso
y( 0.0 ) = 0.0
h = 0.1
1 0.150000000000000
2 0.383333333333333
3 0.755555555555556
4 1.35925925925926
5 2.34876543209877
6 3.98127572016462
7 6.68545953360770
8 11.1757658893462
9 18.6429431489103
10 31.0715719148505
11 51.7692865247508
12 86.2488108745847
13 143.698018124308
14 239.430030207180
15 398.966717011967
16 664.844528353278
17 1107.95754725546
18 1846.46257875910
19 3077.28763126517
20 5128.64605210862

Metodo de Euler Aprimorado
y( 0.0 ) = 0.0
h = 0.1
1 0.118750000000000
2 0.284375000000000
3 0.520312500000000
4 0.861718750000000
5 1.36132812500000
6 2.09824218750000
7 3.19111328125000
8 4.81791992187500
9 7.24562988281250
10 10.8746948242188
11 16.3057922363281
12 24.4399383544921
13 36.6286575317381
14 54.8992362976073
15 82.2926044464109
16 123.370156669616
17 184.973985004425
18 277.367227506638
19 415.944591259956
20 623.798136889934

Metodo de Runge-Kutta de Grau 4
y( 0.0 ) = 0.0
h = 0.1
1 0.117200000000000
2 0.279737813333333
3 0.509907554076445
4 0.840966095334301
5 1.32252382328002
6 2.02858620464758
7 3.06954966101296
8 4.61009621432173
9 6.89588752611087
10 10.2933852856171
11 15.3492526100646
12 22.8789650935203
13 34.0989948621740
14 50.8239939357338
15 75.7609392203986
16 112.947918399709
17 168.408681474126
18 251.129057111003
19 374.513505461054
20 558.557906546436

Metodo de Adam Bashforth ( ordem = 5 )
y( -0.4 ) = 0.0
h = 0.1
1 0.1
2 0.23
3 0.402
4 0.6328
5 1.04006933333333
6 1.68367855703704
7 2.60118267162634
8 3.93832718137130
9 5.94297541205885
10 8.92876510493434
11 13.3521702005235
12 19.9307106725039
13 29.7369216804188
14 44.3462628127858
15 66.1086068076555
16 98.5421539955570
17 146.889905738507
18 218.959749934257
19 326.395143185277
20 486.560904522999

Metodo de Adam Bashforth por Euler ( ordem = 6 )
y( 0.0 ) = 0.0
h = 0.1
1 0.100000000000000
2 0.230000000000000
3 0.402000000000000
4 0.632800000000000
5 0.945920000000000
6 1.45035040000000
7 2.23691931688889
8 3.35844174442605
9 4.99695083498148
10 7.48198639667956
11 11.1802888333590
12 16.6249202050361
13 24.7500581304216
14 36.9138997900255
15 55.0062241322631
16 81.9320443028141
17 122.138411354335
18 182.125068886494
19 271.512719182195
20 404.819759848821

Metodo de Adam Bashforth por Euler Inverso ( ordem = 6 )
y( 0.0 ) = 0.0
h = 0.1
1 0.150000000000000
2 0.383333333333333
3 0.755555555555556
4 1.35925925925926
5 2.34876543209877
6 3.63048696844993
7 5.33326633706752
8 8.01470643199663
9 12.1056400477394
10 17.9796467433874
11 26.6957112787995
12 39.9282983202217
13 59.6016575070267
14 88.6906715293377
15 132.207423551735
16 197.309427230620
17 294.173216562393
18 438.496623036580
19 654.039640290237
20 975.562510729451

Metodo de Adam Bashforth por Euler Aprimorado ( ordem = 6 )
y( 0.0 ) = 0.0
h = 0.1
1 0.118750000000000
2 0.284375000000000
3 0.520312500000000
4 0.861718750000000
5 1.36132812500000
6 2.08828287760417
7 3.15438279305917
8 4.73706190706092
9 7.08831811298772
10 10.5763681931381
11 15.7659258778265
12 23.5014920778579
13 35.0252164895829
14 52.1937312221473
15 77.7935160118551
16 115.970335784968
17 172.893077958554
18 257.779213924967
19 384.386725073872
20 573.215177316265

Metodo de Adam Bashforth por Runge-Kutta ( ordem = 6 )
y( 0.0 ) = 0.0
h = 0.1
1 0.117200000000000
2 0.279737813333333
3 0.509907554076445
4 0.840966095334301
5 1.32252382328002
6 2.02836134047985
7 3.06872220834702
8 4.60828020736213
9 6.89236515086689
10 10.2867228821220
11 15.3372283794532
12 22.8581235247808
13 34.0634846111728
14 50.7642408683034
15 75.6618503726721
16 112.785401547091
17 168.144096399825
18 250.701252221953
19 373.826207774336
20 557.459348935009

Metodo de Adam Moulton ( ordem = 6 )
y( -0.4 ) = 0.0
h = 0.1
1 0.1
2 0.23
3 0.402
4 0.6328
5 1.05467187200000
6 1.68305123217408
7 2.60183807689059
8 3.96163090289859
9 5.97846714354061
10 8.97464547216151
11 13.4321780797358
12 20.0698562448346
13 29.9599224228101
14 44.7020478453481
15 66.6826866416407
16 99.4620473128098
17 148.351403040765
18 221.274338534317
19 330.051595997785
20 492.317864176108

Metodo de Adam Moulton por Euler ( ordem = 6 )
y( 0.0 ) = 0.0
h = 0.1
1 0.100000000000000
2 0.230000000000000
3 0.402000000000000
4 0.632800000000000
5 1.00859187200000
6 1.56284510097408
7 2.37415667479702
8 3.57288195069802
9 5.34918114703502
10 7.98668067994102
11 11.9091180915048
12 17.7485006172868
13 26.4476402969738
14 39.4130916267961
15 58.7432111670333
16 87.5684139594607
17 130.558787959143
18 194.681370224018
19 290.329884414473
20 433.010131966600

Metodo de Adam Moulton por Euler Inverso ( ordem = 6 )
y( 0.0 ) = 0.0
h = 0.1
1 0.150000000000000
2 0.383333333333333
3 0.755555555555556
4 1.35925925925926
5 2.10780148148148
6 3.19204488628148
7 4.80805949214932
8 7.20450294720136
9 10.7663426623160
10 16.0682824836752
11 23.9656563011988
12 35.7349377804198
13 53.2805743839804
14 79.4436133756413
15 118.462454776975
16 176.660135048733
17 263.469627384530
18 392.963444060808
19 586.135561158093
20 874.305689886752

Metodo de Adam Moulton por Euler Aprimorado ( ordem = 6 )
y( 0.0 ) = 0.0
h = 0.1
1 0.118750000000000
2 0.284375000000000
3 0.520312500000000
4 0.861718750000000
5 1.35397625000000
6 2.07538785480000
7 3.13968454354548
8 4.71507914832727
9 7.05299202364975
10 10.5285123047618
11 15.7011462133457
12 23.4056045250250
13 34.8871493493950
14 52.0035129597395
15 77.5261399635761
16 115.589590274037
17 172.361977071352
18 257.045155344591
19 383.366845876039
20 571.806649556436

Metodo de Adam Moulton por Runge-Kutta ( ordem = 6 )
y( 0.0 ) = 0.0
h = 0.1
1 0.117200000000000
2 0.279737813333333
3 0.509907554076445
4 0.840966095334301
5 1.32262027491814
6 2.02888524073437
7 3.07022070330973
8 4.61143436653113
9 6.89838716875455
10 10.2978648488347
11 15.3570549500547
12 22.8922750443116
13 34.1213425287843
14 50.8610495127912
15 75.8217641531996
16 113.046929563772
17 168.568727090147
18 251.386222814299
19 374.924608338439
20 559.212158587705

